0.000000000	0.027348746	0.176783080	0.147663550	0.213576000	0.140383670	0.094048205	0.087063453	0.059222823	0.035415642	0.015051648	0.003443187	0.000000000	0.000000000	0.000000000	0.000000000	0.000000000
0.005822570	0.078128308	0.209294940	0.261698070	0.126932030	0.098454370	0.074528901	0.053567648	0.049756511	0.017361846	0.018632225	0.004022867	0.001799704	0.000000000	0.000000000	0.000000000	0.000000000
0.004809052	0.142008487	0.290523340	0.317680340	0.126732670	0.048467700	0.016124470	0.027439887	0.019330504	0.006883546	0.000000000	0.000000000	0.000000000	0.000000000	0.000000000	0.000000000	0.000000000
0.018120045	0.285802533	0.294347780	0.201173680	0.106352310	0.043035110	0.017914136	0.016575723	0.007721610	0.005971379	0.000000000	0.002985689	0.000000000	0.000000000	0.000000000	0.000000000	0.000000000
0.018427872	0.153373644	0.498608310	0.183031000	0.083981190	0.032344750	0.014396775	0.006814474	0.001823592	0.004510990	0.002687398	0.000000000	0.000000000	0.000000000	0.000000000	0.000000000	0.000000000
0.005410628	0.079516908	0.253526570	0.416618360	0.109758450	0.050048310	0.036328502	0.026570048	0.008309179	0.006183575	0.003864734	0.001835749	0.002028986	0.000000000	0.000000000	0.000000000	0.000000000
0.002363580	0.052409824	0.154968660	0.166067210	0.246223410	0.121673000	0.119720481	0.068030007	0.035864762	0.016236769	0.007399034	0.003493988	0.005549276	0.000000000	0.000000000	0.000000000	0.000000000
0.021540600	0.145622394	0.282310900	0.184435180	0.077228510	0.155548940	0.053007743	0.024617828	0.021540600	0.015386143	0.004864006	0.006352988	0.005161803	0.002382370	0.000000000	0.000000000	0.000000000
0.004040205	0.120122192	0.366870320	0.196393380	0.086026800	0.059223490	0.062179740	0.059814742	0.022861648	0.013992905	0.002759164	0.002857706	0.002857706	0.000000000	0.000000000	0.000000000	0.000000000
0.000000000	0.015847692	0.037651560	0.145820040	0.184535210	0.129015100	0.077962136	0.122846203	0.103488619	0.076685812	0.047649436	0.033928951	0.013826845	0.010742395	0.000000000	0.000000000	0.000000000
0.002118644	0.109765940	0.380649720	0.236985470	0.165859560	0.061238900	0.008979015	0.007566586	0.011803874	0.001916868	0.004136400	0.001916868	0.007062147	0.000000000	0.000000000	0.000000000	0.000000000
0.000000000	0.049525102	0.375751110	0.275537890	0.154293470	0.082767980	0.040027137	0.006105834	0.006687343	0.000000000	0.002229114	0.002810622	0.002132196	0.002132196	0.000000000	0.000000000	0.000000000
0.000000000	0.020414031	0.228963010	0.311960900	0.239601300	0.075426490	0.024343492	0.036994441	0.010350776	0.004600345	0.014376078	0.007858923	0.008338125	0.008146444	0.005367069	0.003258578	0.000000000
0.000000000	0.025281955	0.286936090	0.310244360	0.236654140	0.090225560	0.021992481	0.015601504	0.007330827	0.002067669	0.001691729	0.000000000	0.001973684	0.000000000	0.000000000	0.000000000	0.000000000
0.001186112	0.037847746	0.212637480	0.372978220	0.171447060	0.111494500	0.037632090	0.036445978	0.006146215	0.003881820	0.002695708	0.000000000	0.003558335	0.000970455	0.000000000	0.000000000	0.001078283
0.003371869	0.059055877	0.236705200	0.324855490	0.218111750	0.083333330	0.045086705	0.011078998	0.010211946	0.004431599	0.002890173	0.000867052	0.000000000	0.000000000	0.000000000	0.000000000	0.000000000
0.005020179	0.056796929	0.169012700	0.266856970	0.273550550	0.136135450	0.057190668	0.023427503	0.007481051	0.000984349	0.000984349	0.000000000	0.000000000	0.002559307	0.000000000	0.000000000	0.000000000
0.008069813	0.177066717	0.254949800	0.119827340	0.102374030	0.115604770	0.090269307	0.036689500	0.034531294	0.022614244	0.021206719	0.008351318	0.007694473	0.000000000	0.000000000	0.000750680	0.000000000
0.004926108	0.105283493	0.487877910	0.188737560	0.070704140	0.045300880	0.036124795	0.022215783	0.019221482	0.013232879	0.001835217	0.001931807	0.002607940	0.000000000	0.000000000	0.000000000	0.000000000
0.000000000	0.059695553	0.155506910	0.484031440	0.158790170	0.044274200	0.025470102	0.027161476	0.022982788	0.008257885	0.005173615	0.004477166	0.000994926	0.000000000	0.001094418	0.000994926	0.001094418
0.001960208	0.057336078	0.219151230	0.143193180	0.359306090	0.063118690	0.016563756	0.035871802	0.045182789	0.024600608	0.009016956	0.002744291	0.011663236	0.006860727	0.000000000	0.000000000	0.003430364
0.005485407	0.076071207	0.182053410	0.249534260	0.125543370	0.227799630	0.059097495	0.024632581	0.023908094	0.007037880	0.008383358	0.006727386	0.002069965	0.000000000	0.000000000	0.000000000	0.001655972
0.000000000	0.047671952	0.102312900	0.412988590	0.147156850	0.075648920	0.141197859	0.040904959	0.003029997	0.007877992	0.003231997	0.002928997	0.006867993	0.005554994	0.002625997	0.000000000	0.000000000
0.001964058	0.013944810	0.168908970	0.242757540	0.290189530	0.092899930	0.039379358	0.085338309	0.024845330	0.001571246	0.010704115	0.002160464	0.008052637	0.010409506	0.000000000	0.001964058	0.004910144
0.000000000	0.036443294	0.044608180	0.139500150	0.136313850	0.194662950	0.146071891	0.057950812	0.137707856	0.025988251	0.026585682	0.033256995	0.005476451	0.000000000	0.010355471	0.000000000	0.005078164
0.005131241	0.008683639	0.262877440	0.153246500	0.134103020	0.130846650	0.142687981	0.041839353	0.017071245	0.027827117	0.024768107	0.011643971	0.002861654	0.008880995	0.009670416	0.007795540	0.010065127
0.000000000	0.033541110	0.061838330	0.340061340	0.230731180	0.116355000	0.091322846	0.053725141	0.021173444	0.003166123	0.015039082	0.002275651	0.002968240	0.007816365	0.003067181	0.002176709	0.014742258
0.001068065	0.060394213	0.109136810	0.062044860	0.220603940	0.167977470	0.120982620	0.067870667	0.078162928	0.031070978	0.013981940	0.023109040	0.008738713	0.008544519	0.007961938	0.002912904	0.015438392
0.007008663	0.054706512	0.114572180	0.135890200	0.117687140	0.197800060	0.128005451	0.084980045	0.067263701	0.028034654	0.027061229	0.006716636	0.006132581	0.004867127	0.003309647	0.007495376	0.008468802
0.003091625	0.041034289	0.144463180	0.197395540	0.122353380	0.088532880	0.142870527	0.082162263	0.050590219	0.037099494	0.022952970	0.017144463	0.019018175	0.006183249	0.008244332	0.004590594	0.012272812
0.002244559	0.022055236	0.083048700	0.159754070	0.203864550	0.125988090	0.111154484	0.102371426	0.057773007	0.034546697	0.023031131	0.024690153	0.010149312	0.008099932	0.008685469	0.004098761	0.018444423
0.010485321	0.122428600	0.179348910	0.193329340	0.161573800	0.121929300	0.070401438	0.051827442	0.043239465	0.008388256	0.019572598	0.000000000	0.000000000	0.000000000	0.004194128	0.000000000	0.013281406
0.043079460	0.162114810	0.262599200	0.200762650	0.147377100	0.046274350	0.079150778	0.008657116	0.000000000	0.023807070	0.000000000	0.000000000	0.000000000	0.000000000	0.000000000	0.000000000	0.026177471
0.005373566	0.020254211	0.079260100	0.315800350	0.212669220	0.115118320	0.084426992	0.050428852	0.011573835	0.005476904	0.036891599	0.000000000	0.023457683	0.009920430	0.006510282	0.005683580	0.017154077
0.000000000	0.038659534	0.098516200	0.154739070	0.273947710	0.169980820	0.104673463	0.071060866	0.037347330	0.007166650	0.014837993	0.011607954	0.000000000	0.000000000	0.006964772	0.006561018	0.003936610
0.000000000	0.012727273	0.096650720	0.124210530	0.181913880	0.208708130	0.255311005	0.066315789	0.042200957	0.000000000	0.000000000	0.000000000	0.000000000	0.000000000	0.011961722	0.000000000	0.000000000
